9 40 13 10 31 29 11 12 13 26 10 40 16 24 6 28 26 40 30 24 21 32 32 20 40 40 26 30 19 20 
1 12 18 8 6 40 36 39 40 26 39 27 39 29 1 8 16 7 21 2 9 33 28 26 14 39 
2 38 3 9 1 
22 19 14 26 26 9 9 40 7 1 30 39 23 30 37 20 32 39 
24 7 5 4 8 31 31 13 32 13 2 27 21 31 17 33 16 36 4 40 34 15 6 7 29 28 16 34 19 23 16 5 15 6 27 
28 40 28 14 16 26 13 39 14 30 3 18 34 35 31 25 1 15 40 18 19 27 22 10 27 27 6 37 19 39 25 35 
3 32 24 5 19 37 18 6 1 2 32 27 6 40 13 24 24 19 36 28 18 39 32 22 34 10 8 14 11 26 19 17 37 12 28 28 3 40 28 31 
16 37 31 10 13 30 7 15 18 39 30 28 22 9 25 20 26 2 19 40 37 24 20 35 27 20 30 30 26 37 36 14 15 10 26 20 17 15 
28 16 12 2 13 6 35 10 5 12 38 35 7 38 12 35 38 16 40 32 26 38 6 26 3 30 28 24 13 16 
27 36 32 11 38 38 1 7 32 2 15 2 36 35 7 27 36 9 12 34 29 26 38 17 36 9 12 23 10 11 25 
2 24 40 38 40 8 
3 34 3 14 20 37 39 36 27 6 19 4 24 22 4 11 32 21 18 17 23 8 4 38 24 30 1 33 5 15 23 24 4 7 36 
